version https://git-lfs.github.com/spec/v1
oid sha256:b81f645d75b722551b513b45b3a339a709df2b42df629a7e315d0bdaa085cd0d
size 1891248
